rue des cordeliers:340008838,340008840,443115089,5436840315,7251902028,340008856
rue saint jacques:340008836,6949409659
halle des sports uppa:7897375898
2 place de la liberation:340008836,340008844,340008846,2309510836,340008843,340008856,5951120392
place royale:307360929,307360934,307360933,307360930
rue du souvenir (lons):26868005,26868078,26868099,26868094,252154848,247916983,247916985,247916986,421876727,247916988,247916989,385166041,385166042,419315051,8770163350,385166045,385166046
mediatheque (billere):7834142102
16 rue des veroniques:459812758,459812765,459812764,8943628592
mediatheque trait d'union:8542451985
chemin guilhem:459642291,459642295,459807936,459642296,1724490302,2627270726,459812758,8943628583,459807915,459642300,7203224748,5547365382,459807872,459642301,2848408184,459807823,8786230472,459642304
sentier de l’ousse:7417206201,5547395571,418951728
38 rue du gui:418055597,418055606,418055599
bd de la paix:247979955,418055594,2629536508,339264336,339264337,339264338,339264340,5108250648,339264341,356506863,356506870,5108250630,3148148199,418055837,247979958,339264345,247979959,2941719661,1876325934,1874136229,7497342435,3148148190,8117226559,3148148189,8117226552,8117226540,7863055324,3148148187,8117226539,3286879328,247979960,6387493931,6830491238,665091815,2309510897,6387493918,286815088,2309510898,6654009830,6654009832,6654009824,6387493912,6387493922,6013354339,6013354336,6654009798,7619603105,6013354342,8783804444,6654009794,6013354361,6013354365,6845373724,7619603106,8517877131,6984605099,6013354335,6984605093,6830491232,6387493924,6387493914,6654009822,6013354352,6654009791,6845373719,6984605108,7846362592,6654009790,8088413070,6013354343,6378188401,7096691721,6013354379,385088877,6387525607,2469885325,341467932,8423673023,286808941,2469885319,247979969,8124331619,8124331612,459203955,7589582553,2469885295,459203585,8173405496,459203855,459203888,3390705457,247979971,3390705454,459807928,247979972,459278293,766490858,8019380650,247979973,459278347,6384238505,6752997232,766490875,247979974,459619479,247979975,459619384,369735710,247979976,8198641426,6013354350,6013354349,8862876468,6013354377,8198641422,6845373721,6654009792,6013354357,276194755
